              precision    recall  f1-score   support

         A10       0.32      0.27      0.29       106
       A400M       0.55      0.46      0.50        72
       AG600       0.77      0.42      0.55        40
        AH64       0.37      0.53      0.44        66
        AV8B       0.34      0.40      0.37        67
       An124       0.36      0.13      0.20        30
        An22       0.00      0.00      0.00        14
       An225       0.00      0.00      0.00        14
        An72       0.25      0.04      0.06        27
          B1       0.30      0.33      0.31        95
          B2       0.47      0.53      0.50        78
         B21       1.00      0.14      0.25         7
         B52       0.52      0.36      0.43        88
       Be200       0.56      0.33      0.42        45
        C130       0.49      0.58      0.53       217
         C17       0.49      0.46      0.48       104
          C2       0.47      0.66      0.55       122
        C390       0.40      0.08      0.14        24
          C5       0.32      0.22      0.26        59
        CH47       0.45      0.52      0.48        46
       CL415       0.67      0.63      0.65        51
          E2       0.54      0.44      0.48        68
          E7       0.26      0.19      0.22        31
      EF2000       0.18      0.33      0.23       119
      EMB314       1.00      0.07      0.14        27
        F117       0.56      0.42      0.48        55
         F14       0.27      0.22      0.24        79
         F15       0.26      0.40      0.31       220
         F16       0.33      0.52      0.41       271
         F18       0.35      0.51      0.41       240
         F22       0.25      0.15      0.19       101
         F35       0.34      0.63      0.44       207
          F4       0.19      0.11      0.14       103
          H6       0.43      0.37      0.40        63
        Il76       0.00      0.00      0.00        17
         J10       0.25      0.31      0.28       106
         J20       0.21      0.42      0.28       115
         J35       0.00      0.00      0.00         5
       JAS39       0.33      0.13      0.18        87
        JF17       0.00      0.00      0.00        32
         JH7       0.00      0.00      0.00        42
        KAAN       0.00      0.00      0.00         8
       KC135       0.54      0.33      0.41        58
        KF21       0.00      0.00      0.00        17
       KJ600       0.00      0.00      0.00         8
        Ka27       0.33      0.06      0.10        17
        Ka52       0.56      0.58      0.57        31
         MQ9       0.35      0.26      0.30        54
        Mi24       0.36      0.37      0.36        43
        Mi26       1.00      0.08      0.15        12
        Mi28       0.43      0.26      0.32        23
         Mi8       0.50      0.12      0.19        34
       Mig29       0.45      0.11      0.17        47
       Mig31       0.32      0.25      0.28        71
  Mirage2000       0.70      0.10      0.18        67
          P3       0.68      0.37      0.48        73
         RQ4       0.30      0.25      0.27        44
      Rafale       0.20      0.26      0.23       106
        SR71       0.59      0.40      0.48        40
        Su24       0.36      0.39      0.37        69
        Su25       0.26      0.28      0.27        64
        Su34       0.46      0.60      0.52        70
        Su57       0.18      0.13      0.15        60
       TB001       0.00      0.00      0.00        12
         TB2       0.80      0.70      0.75        63
     Tornado       0.33      0.11      0.17        70
       Tu160       0.28      0.36      0.32        58
       Tu22M       0.43      0.17      0.25        52
        Tu95       0.34      0.25      0.29        56
          U2       0.35      0.23      0.28        47
        UH60       0.30      0.19      0.24        36
         US2       0.64      0.66      0.65        96
         V22       0.40      0.50      0.45       128
        V280       0.00      0.00      0.00         4
      Vulcan       0.29      0.22      0.25        59
         WZ7       0.00      0.00      0.00        17
        XB70       0.00      0.00      0.00        26
         Y20       0.56      0.35      0.43        40
        YF23       0.00      0.00      0.00        20
         Z10       0.00      0.00      0.00         7
         Z19       0.50      0.36      0.42        11

    accuracy                           0.36      5178
   macro avg       0.35      0.27      0.28      5178
weighted avg       0.37      0.36      0.35      5178
