              precision    recall  f1-score   support

         A10       0.74      0.85      0.79       106
       A400M       0.89      0.79      0.84        72
       AG600       0.86      0.80      0.83        40
        AH64       0.98      0.79      0.87        66
        AV8B       0.77      0.82      0.80        67
       An124       0.73      0.80      0.76        30
        An22       0.67      0.71      0.69        14
       An225       0.75      0.64      0.69        14
        An72       0.63      0.89      0.74        27
          B1       0.70      0.89      0.79        95
          B2       0.91      0.86      0.88        78
         B21       0.22      0.86      0.35         7
         B52       0.90      0.83      0.86        88
       Be200       0.95      0.78      0.85        45
        C130       0.93      0.80      0.86       217
         C17       0.81      0.85      0.83       104
          C2       0.90      0.90      0.90       122
        C390       0.71      0.42      0.53        24
          C5       0.72      0.71      0.72        59
        CH47       0.95      0.87      0.91        46
       CL415       0.94      0.88      0.91        51
          E2       0.97      0.82      0.89        68
          E7       0.79      0.84      0.81        31
      EF2000       0.89      0.63      0.74       119
      EMB314       0.66      0.70      0.68        27
        F117       0.82      0.91      0.86        55
         F14       0.81      0.77      0.79        79
         F15       0.81      0.72      0.76       220
         F16       0.77      0.73      0.75       271
         F18       0.87      0.78      0.82       240
         F22       0.83      0.73      0.78       101
         F35       0.85      0.77      0.81       207
          F4       0.76      0.69      0.72       103
          H6       0.88      0.90      0.89        63
        Il76       0.54      0.41      0.47        17
         J10       0.68      0.75      0.71       106
         J20       0.92      0.72      0.81       115
         J35       0.10      0.60      0.18         5
       JAS39       0.91      0.68      0.78        87
        JF17       0.46      0.66      0.54        32
         JH7       0.91      0.71      0.80        42
        KAAN       0.62      0.62      0.62         8
       KC135       0.91      0.86      0.88        58
        KF21       0.44      0.65      0.52        17
       KJ600       0.64      0.88      0.74         8
        Ka27       0.85      1.00      0.92        17
        Ka52       0.97      0.94      0.95        31
         MQ9       0.83      0.91      0.87        54
        Mi24       0.72      0.88      0.79        43
        Mi26       0.67      0.67      0.67        12
        Mi28       0.79      0.65      0.71        23
         Mi8       0.68      0.79      0.73        34
       Mig29       0.55      0.72      0.62        47
       Mig31       0.92      0.76      0.83        71
  Mirage2000       0.64      0.87      0.74        67
          P3       0.91      0.95      0.93        73
         RQ4       0.82      0.82      0.82        44
      Rafale       0.65      0.84      0.73       106
        SR71       0.97      0.75      0.85        40
        Su24       0.85      0.83      0.84        69
        Su25       0.70      0.80      0.74        64
        Su34       0.78      0.86      0.82        70
        Su57       0.91      0.65      0.76        60
       TB001       0.53      0.83      0.65        12
         TB2       0.88      0.95      0.92        63
     Tornado       0.86      0.80      0.83        70
       Tu160       0.92      0.83      0.87        58
       Tu22M       0.72      0.79      0.75        52
        Tu95       0.92      0.88      0.90        56
          U2       0.76      0.66      0.70        47
        UH60       0.84      0.89      0.86        36
         US2       0.88      0.90      0.89        96
         V22       0.90      0.88      0.89       128
        V280       0.03      0.50      0.05         4
      Vulcan       0.88      0.90      0.89        59
         WZ7       0.69      0.65      0.67        17
        XB70       0.72      0.88      0.79        26
         Y20       0.90      0.70      0.79        40
        YF23       0.45      0.90      0.60        20
         Z10       1.00      0.71      0.83         7
         Z19       0.80      0.73      0.76        11

    accuracy                           0.79      5178
   macro avg       0.77      0.78      0.76      5178
weighted avg       0.82      0.79      0.80      5178
