              precision    recall  f1-score   support

         A10       0.64      0.59      0.62       106
       A400M       0.61      0.60      0.61        72
       AG600       0.91      0.53      0.67        40
        AH64       0.60      0.76      0.67        66
        AV8B       0.78      0.60      0.68        67
       An124       0.41      0.53      0.46        30
        An22       0.67      0.29      0.40        14
       An225       1.00      0.07      0.13        14
        An72       0.39      0.26      0.31        27
          B1       0.42      0.62      0.50        95
          B2       0.72      0.67      0.69        78
         B21       0.00      0.00      0.00         7
         B52       0.66      0.57      0.61        88
       Be200       0.64      0.56      0.60        45
        C130       0.62      0.76      0.68       217
         C17       0.46      0.59      0.51       104
          C2       0.58      0.69      0.63       122
        C390       0.62      0.21      0.31        24
          C5       0.54      0.44      0.49        59
        CH47       0.80      0.76      0.78        46
       CL415       0.80      0.76      0.78        51
          E2       0.64      0.62      0.63        68
          E7       0.80      0.39      0.52        31
      EF2000       0.47      0.47      0.47       119
      EMB314       1.00      0.30      0.46        27
        F117       0.67      0.71      0.69        55
         F14       0.58      0.41      0.48        79
         F15       0.44      0.61      0.52       220
         F16       0.42      0.64      0.51       271
         F18       0.48      0.65      0.55       240
         F22       0.48      0.46      0.47       101
         F35       0.49      0.65      0.55       207
          F4       0.36      0.38      0.37       103
          H6       0.81      0.62      0.70        63
        Il76       0.33      0.06      0.10        17
         J10       0.63      0.58      0.60       106
         J20       0.50      0.62      0.55       115
         J35       0.00      0.00      0.00         5
       JAS39       0.60      0.34      0.44        87
        JF17       0.20      0.06      0.10        32
         JH7       0.60      0.29      0.39        42
        KAAN       0.00      0.00      0.00         8
       KC135       0.74      0.50      0.60        58
        KF21       0.00      0.00      0.00        17
       KJ600       0.00      0.00      0.00         8
        Ka27       0.92      0.71      0.80        17
        Ka52       1.00      0.74      0.85        31
         MQ9       0.54      0.54      0.54        54
        Mi24       0.65      0.70      0.67        43
        Mi26       0.80      0.33      0.47        12
        Mi28       0.85      0.48      0.61        23
         Mi8       0.72      0.53      0.61        34
       Mig29       0.44      0.32      0.37        47
       Mig31       0.80      0.49      0.61        71
  Mirage2000       0.44      0.46      0.45        67
          P3       0.76      0.70      0.73        73
         RQ4       0.56      0.32      0.41        44
      Rafale       0.45      0.41      0.43       106
        SR71       0.53      0.42      0.47        40
        Su24       0.64      0.54      0.58        69
        Su25       0.45      0.55      0.50        64
        Su34       0.69      0.63      0.66        70
        Su57       0.56      0.38      0.46        60
       TB001       1.00      0.17      0.29        12
         TB2       0.85      0.73      0.79        63
     Tornado       0.67      0.54      0.60        70
       Tu160       0.44      0.59      0.50        58
       Tu22M       0.50      0.38      0.43        52
        Tu95       0.75      0.54      0.62        56
          U2       0.59      0.43      0.49        47
        UH60       0.58      0.61      0.59        36
         US2       0.71      0.78      0.75        96
         V22       0.65      0.76      0.70       128
        V280       0.00      0.00      0.00         4
      Vulcan       0.66      0.53      0.58        59
         WZ7       0.67      0.24      0.35        17
        XB70       0.29      0.38      0.33        26
         Y20       0.71      0.50      0.59        40
        YF23       0.62      0.25      0.36        20
         Z10       1.00      0.57      0.73         7
         Z19       0.86      0.55      0.67        11

    accuracy                           0.56      5178
   macro avg       0.59      0.47      0.50      5178
weighted avg       0.58      0.56      0.55      5178
