              precision    recall  f1-score   support

         A10       0.57      0.49      0.53       106
       A400M       0.57      0.58      0.58        72
       AG600       0.69      0.45      0.55        40
        AH64       0.64      0.67      0.65        66
        AV8B       0.67      0.57      0.61        67
       An124       0.47      0.60      0.53        30
        An22       0.57      0.29      0.38        14
       An225       0.75      0.21      0.33        14
        An72       0.25      0.15      0.19        27
          B1       0.38      0.55      0.45        95
          B2       0.72      0.71      0.71        78
         B21       0.40      0.57      0.47         7
         B52       0.57      0.53      0.55        88
       Be200       0.59      0.53      0.56        45
        C130       0.70      0.69      0.69       217
         C17       0.45      0.56      0.50       104
          C2       0.68      0.58      0.63       122
        C390       0.39      0.29      0.33        24
          C5       0.43      0.42      0.43        59
        CH47       0.81      0.76      0.79        46
       CL415       0.72      0.71      0.71        51
          E2       0.72      0.57      0.64        68
          E7       0.48      0.39      0.43        31
      EF2000       0.47      0.44      0.45       119
      EMB314       0.56      0.33      0.42        27
        F117       0.71      0.62      0.66        55
         F14       0.47      0.41      0.44        79
         F15       0.40      0.54      0.46       220
         F16       0.44      0.48      0.46       271
         F18       0.46      0.47      0.46       240
         F22       0.41      0.55      0.47       101
         F35       0.59      0.46      0.52       207
          F4       0.28      0.36      0.31       103
          H6       0.61      0.62      0.61        63
        Il76       0.20      0.24      0.22        17
         J10       0.51      0.54      0.52       106
         J20       0.59      0.53      0.56       115
         J35       0.22      0.40      0.29         5
       JAS39       0.44      0.37      0.40        87
        JF17       0.18      0.19      0.18        32
         JH7       0.45      0.36      0.40        42
        KAAN       0.33      0.38      0.35         8
       KC135       0.63      0.50      0.56        58
        KF21       0.57      0.24      0.33        17
       KJ600       0.00      0.00      0.00         8
        Ka27       0.80      0.71      0.75        17
        Ka52       1.00      0.77      0.87        31
         MQ9       0.67      0.54      0.60        54
        Mi24       0.47      0.77      0.58        43
        Mi26       0.57      0.33      0.42        12
        Mi28       0.73      0.48      0.58        23
         Mi8       0.72      0.62      0.67        34
       Mig29       0.24      0.40      0.30        47
       Mig31       0.56      0.49      0.53        71
  Mirage2000       0.26      0.45      0.33        67
          P3       0.81      0.70      0.75        73
         RQ4       0.50      0.27      0.35        44
      Rafale       0.54      0.43      0.48       106
        SR71       0.43      0.40      0.42        40
        Su24       0.58      0.57      0.57        69
        Su25       0.27      0.52      0.35        64
        Su34       0.67      0.40      0.50        70
        Su57       0.51      0.38      0.44        60
       TB001       0.50      0.33      0.40        12
         TB2       0.76      0.76      0.76        63
     Tornado       0.57      0.59      0.58        70
       Tu160       0.46      0.45      0.46        58
       Tu22M       0.46      0.48      0.47        52
        Tu95       0.60      0.52      0.56        56
          U2       0.38      0.38      0.38        47
        UH60       0.59      0.64      0.61        36
         US2       0.83      0.62      0.71        96
         V22       0.60      0.73      0.65       128
        V280       0.10      0.50      0.17         4
      Vulcan       0.53      0.53      0.53        59
         WZ7       0.33      0.29      0.31        17
        XB70       0.67      0.31      0.42        26
         Y20       0.60      0.53      0.56        40
        YF23       0.43      0.30      0.35        20
         Z10       1.00      0.57      0.73         7
         Z19       0.50      0.55      0.52        11

    accuracy                           0.52      5178
   macro avg       0.53      0.48      0.49      5178
weighted avg       0.54      0.52      0.52      5178
